[
    {
        "main/accuracy": 0.5145018993492836,
        "main/loss": 0.6939442252451354,
        "validation/main/accuracy": 0.5244127056996029,
        "validation/main/loss": 0.6912726458907127,
        "epoch": 10,
        "iteration": 2379,
        "elapsed_time": 12.275960566999856
    }
]